This is the expected encoding results from file "full_list.as"
001000001100
000010110100
000000000000
001000010100
000010110100
001100000000
011000001100
000000000000
000000000000
011000010100
000000000000
001100000000
101000001100
000000001100
000000000000
101000010100
001100001100
001000100100
000010110100
000111101100
001000101100
000010110100
000000000000
001000110100
000010110100
001100000000
011000100100
000000000000
000111101100
011000101100
000000000000
000000000000
011000110100
000000000000
001100000000
101000100100
000000001100
000111101100
101000101100
000000001100
000000000000
101000110100
001100001100
001001001100
000010110100
000000000000
001001010100
000010110100
001100000000
011001001100
000000000000
000000000000
011001010100
000000000000
001100000000
101001001100
000000001100
000000000000
101001010100
001100001100
001001101100
000010110100
000000000000
001001110100
000010110100
001100000000
011001101100
000000000000
000000000000
011001110100
000000000000
001100000000
101001101100
000000001100
000000000000
101001110100
001100001100
000010001100
000000000000
000010010100
000110000000
000010101100
000000000000
000010110100
000110000000
011011001100
000000000000
000000000000
011011010100
000000000000
001100000000
000011101100
000000000000
000011110100
000100000000
000100001100
000000000000
000100010100
000100000000
000100101100
000000000000
000100110100
000100000000
000101001100
000000000000
000101010100
000100000000
000101101100
000000000000
000101110100
000100000000
000110000100
111111001100
000110001100
000000000000
000110010100
000100000000
000110101100
000000000000
000110110100
000100000000
000111000000
000111100000
000000001100
000000001101
000000001110
000000001111
000000010000
000001000101
000001111000
000001100001
000001101101
000001110000
000001101100
000001100101
000000100000
000001010011
000001110100
000001110010
000001101001
000001101110
000001100111
000000000000
